#  
0.0009348473224 ; -0.9841512654597 ; -0.0504603033671 ; 0.0009867951877 ; 0.0106435506471 ; -0.1687368191892 ; 0.0000585216529 ; 0.0006000451848 ; -0.0176758019440
-0.0000201484588 ; -0.0105935245255 ; 0.0001219762404 ; 0.0000133361409 ; -0.9999426059401 ; -0.0012866683472 ; 0.0004589080136 ; -0.0007305226490 ; -0.0003831793988
0.3728473418651 ; -0.1200688023109 ; 0.5582032481090 ; 0.3687552120727 ; 0.0003954840680 ; 0.5284830736108 ; 0.0361387929648 ; 0.3296926505002 ; 0.0984850145656
-0.4728401460870 ; -0.0941237918388 ; 0.4376085524456 ; -0.4829447420620 ; 0.0008298716854 ; 0.3970436648544 ; 0.1181492167968 ; -0.3905416629128 ; 0.1367466658133
0.3404225575369 ; 0.0071050380177 ; 0.1097497918345 ; 0.3031547063965 ; 0.0007852163148 ; -0.0334639653642 ; 0.2238281867015 ; -0.7648835563247 ; -0.3792727811170
-0.1578174287758 ; 0.0199606724481 ; 0.2344146886961 ; -0.1880627902094 ; 0.0001103492762 ; -0.1019967147016 ; 0.2712512634279 ; 0.3755287389398 ; -0.8120190562569
0.0838696266748 ; -0.0272907567203 ; 0.0304557739987 ; -0.1291329267063 ; -0.0001493214365 ; 0.1858171974485 ; -0.8976052752214 ; -0.1066084996961 ; -0.3507557239906
-0.6605953349933 ; -0.0329077100181 ; -0.2097356874989 ; 0.6501322934583 ; 0.0000468249162 ; 0.2696906171459 ; -0.0471047117161 ; -0.0213891424603 ; -0.1430400221910
0.2306339354220 ; -0.0760371334469 ; -0.6184252223739 ; -0.2533086949013 ; 0.0000364630445 ; 0.6448286383284 ; 0.2305301436851 ; 0.0297912049048 ; -0.1567662413053
